hidden: 32
n_layers: 3
dropout: 0.3919745183543273
lr: 0.006293194798647466
weight_decay: 2.993281632861538e-05
batch_size: 64
epochs: 15
